545.8267
188.4615
102.7812
270.6497
722.0612
440.2756
255.7861
336.2933
201.1559
224.9152
486.0958
142.6786
540.0567
184.0429
931.2226
89.76896
101.3734
542.329
979.6552
824.5981
506.505
748.0768
348.9839
6.895138
338.7644
363.8474
414.0257
324.7093
96.50375
207.0846
784.949
760.0351
396.239
740.74
135.3988
104.4377
425.7755
713.8981
280.6217
724.6772
647.3325
52.40126
505.5908
578.3342
750.6681
999.4745
143.1309
479.4346
856.2048
506.3507
402.0432
614.0745
968.154
872.8957
445.2306
306.0456
677.6412
638.2329
717.8224
32.45957
115.8309
721.3687
525.2997
689.3735
157.0518
811.8174
861.6199
107.415
871.9216
10.22573
487.342
817.4067
230.4719
718.9986
257.7518
65.99171
55.27354
782.9236
700.9865
81.25837
224.5615
879.7962
846.1599
588.3654
125.3596
161.0446
301.4871
575.1667
356.6058
142.3547
582.4102
307.8369
682.2772
844.2955
689.7227
596.4952
234.515
182.9435
937.6945
310.8318
