0111
0001
0000
0001
00001010
01100100
1011
1010
101010100
101010101
101110101
101111111
111111111000
111111111101
111111111101
111111111000
001011100000101101110
001001100000101101110
001011100000101101110001011100000101101110100010111000001011010
001100001010110011001101110101010110111011001011100100101101111
101101001010111011001101110101011110111011101011100111101111111
100010000010101100010011011101010101101110110010111001001011011
0010001000001010110001001101110101010110111011001011100100101101
0100010000010101100010011011101010101101110110010111001001011010
10000
10000
100000
100000
1000000
1000000
10000000
10000000
11 
11 
101
101
0101
0101
00101
00101
000000000000000000000000000000000000000000000000000000000101
000000000000000000000000000000000000000000000000000000000101
1000
1101
1101
1000
111111111111111111111111111111111111111111111111111111111111111101
111111111111111111111111111111111111111111111111111111111111111000
0000000000000101
1100000000000000
1111111111111011
0100000000000000
000000000000000000000000000000000000000000000000000000000000001011100000101101110001011100000101101110100010111000001011010001100001010110011001101110101010110111011001011100100101101111001011100000101101110001011100000101101110100010111000001011010001
011000101110000010110111010001011100000101101000110000101011001100110111010101011011101100101110010010110111100101110000010110111000101110000010110111010001011100000101101000110000101011001100110111010101011011101100101110010010110111101010101111001010
0110001011100000101101110100010111000001011010001100001010110011001101110101010110111011001011100100101101111001011100000101101110001011100000101101110100010111000001011010001100001010110011001101110101010110111011001011100100101101111010101011110010100110001011100000101101110100010111000001011010001100001010110011001101110101010110111011001011100100101101111001011100000101101110001011100000101101110100010111000001011010001100001010110011001101110101010110111011001011100100101101111010101011110010101111111
0110001011100000101101110100010110111010101011011101100101110010010110111100101110000010110111000101110000010110111010001011100000101101000110000101011001100110111010101011011101100101110010010110111101010101111001010011000101110000010110111010001011100000101101000110000101011001100110111010101011011101100101110010010110111100101110000010110111000101110000010110111010001011100000101101000110000101011001100110111010101011011101100101110010010110111101010101111001010111111100000000000000000000000000000011011
01000000000000000000000000000000000000000000000000000000000
01000000000000000000000000000000000000000000000000000000000
10000000000000000000000000000000000000000000000000000000000
10000000000000000000000000000000000000000000000000000000000
00
11
10000
00001
